304 Josephs Ln  Pittsburgh PA 15237-1255
4653 Clairton Blvd  Pittsburgh PA 15236-2150
309 Church Rd Bethel Park PA 15102-1607
590 Crane Ave  Pittsburgh PA 15216-3929
3601 Brownsville Rd  Pittsburgh PA 15227-3117
435 Kings Hwy  Carnegie PA 15106-1043
125 Parkfield St  Pittsburgh PA 15210-4111
50 Thoms Run Rd  Bridgeville PA 15017-2835
501 Waddell Ave  Clairton PA 15025-1559
1099 Maple St Ext Coraopolis PA 15108-2910
163 East Union Road Cheswick  PA 15024-1719
300 Kennedy Ave  Duquesne PA 15110-1208
1150 Jacks Run Rd  North Versailles PA 15137-2726
1000 Weigles Hill Rd  Elizabeth PA 15037-2100
611 Field Club Rd  Pittsburgh PA 15238-2406
3000 Gateway Campus Blvd  Monroeville PA 15146-3369
2929 McCully Rd  Allison Park PA 15101-1327
1500 Pacific Ave  Natrona Heights PA 15065-2099
1000 Kelton Ave  Pittsburgh PA 15216-2421
1960 Eden Park Blvd  McKeesport PA 15132-7617
223 Clever Rd  McKees Rocks PA 15136-4012
8353 University Blvd  Coraopolis PA 15108-4202
155 Cochran Rd  Pittsburgh PA 15228-1360
10375 Perry Hwy  Wexford PA 15090-9209
53 Rochester Rd  Pittsburgh PA 15229-1170
591 Union Avenue  Pittsburgh PA 15202-2958
309 Collins Dr  Penn Hills PA 15235-3839
3875 Perrysville Ave  Pittsburgh PA 15214-1800
700 Warrendale Rd Gibsonia PA 15044-6175
515 N Highland Ave  Pittsburgh PA 15206-2522
2409 Shady Ave  Pittsburgh PA 15217-2409
900 Elicker Rd  Pittsburgh PA 15239-1026
625 Beaver St  Leetsdale PA 15056-1200
100 Hulton Rd  Oakmont PA 15139-1943
381 Wible Run Rd  Pittsburgh PA 15209-1133
2743 Washington Blvd  McKeesport PA 15133-2017
3640 Old Oakdale Rd  McDonald PA 15057-3544
2005 Eagle Ridge Dr  South Park PA 15129-9289
501 Butler Rd  Springdale PA 15144-1298
3113 Main St  Munhall PA 15120-2729
1105 Valley St  McKees Rocks PA 15136-2353
830 Old Clairton Rd  Jefferson Hills PA 15025-3103
1825 McLaughlin Run Rd  Pittsburgh PA 15241-2331
205 W Allegheny Rd  Imperial PA 15126-9770
91 Commonwealth Ave  West Mifflin PA 15122-2310
747 Wallace Ave  Pittsburgh PA 15221-2243
2550 Greensburg Pike  Pittsburgh PA 15221-3668
